30
0 0 0 0 0 0 0 0 0 0 0 0 0 0 0 0 0 1 0 0 0 0 0 0 0 0 0 0 0 0
0 0 0 0 0 0 0 0 0 0 0 0 0 0 0 0 1 1 0 0 0 0 0 0 0 0 0 0 0 0
0 0 0 0 0 0 0 0 0 0 0 0 0 0 0 1 1 1 0 0 0 0 0 0 0 0 0 0 0 0
0 0 0 0 0 0 0 0 1 1 1 0 0 1 1 1 0 1 0 0 0 1 0 0 0 0 0 0 0 0
0 0 1 0 0 0 0 1 1 0 1 1 1 1 1 0 0 1 1 1 0 0 1 0 0 0 0 0 0 0
0 0 0 0 0 0 0 1 0 0 0 0 0 0 0 1 1 1 0 1 1 1 0 1 0 0 0 0 0 0
0 0 0 0 0 1 0 1 0 0 0 0 0 0 0 0 0 1 0 0 1 0 1 0 0 0 0 0 0 0
0 0 1 1 1 1 1 1 0 0 0 0 1 0 0 0 0 1 0 0 0 1 0 0 1 0 0 0 0 0
0 0 0 0 1 0 0 0 1 0 0 1 1 0 1 0 0 1 0 0 1 0 0 1 0 1 0 0 0 0
0 0 1 0 1 0 0 1 1 0 0 0 1 0 0 1 1 1 1 0 0 1 0 0 1 0 1 0 1 0
0 0 1 1 1 1 1 1 0 0 0 1 1 0 1 0 0 1 0 1 0 0 0 0 0 1 0 1 0 0
0 0 0 0 0 1 1 0 0 0 0 0 1 1 0 0 0 1 0 0 0 0 0 0 1 0 0 0 1 0
0 0 1 1 1 0 1 0 1 0 0 0 1 1 0 1 0 1 0 0 0 0 0 0 X 0 1 1 0 0
0 0 0 0 1 1 1 1 1 0 0 1 1 1 0 0 0 1 1 1 0 0 0 1 1 0 0 1 1 0
0 0 0 0 0 1 1 0 1 0 0 0 1 1 1 1 1 1 1 0 0 0 0 0 1 1 0 0 1 0
0 0 0 0 0 0 1 0 1 1 1 0 1 0 0 1 0 1 0 1 1 0 1 0 1 1 0 0 1 0
0 0 0 1 1 0 1 0 0 1 0 0 1 1 0 1 0 1 1 0 1 0 1 0 0 1 1 1 1 0
0 0 0 1 1 1 1 1 0 1 1 0 1 0 0 0 1 1 1 1 1 1 1 0 0 0 0 1 1 0
0 1 1 1 0 0 1 0 1 0 1 0 0 1 1 1 0 0 0 1 0 0 1 1 1 0 0 1 1 0
0 1 1 1 0 1 0 0 0 0 1 0 0 0 0 1 1 1 0 1 1 0 0 0 1 0 1 1 0 0
0 1 0 0 1 0 0 1 0 0 1 0 0 0 0 1 0 0 0 1 0 0 0 0 1 1 1 1 0 0
1 1 1 1 1 1 1 0 1 0 1 0 0 1 1 1 1 0 1 1 0 0 0 0 0 0 0 0 0 0
1 0 1 1 1 0 1 0 1 0 1 1 0 0 1 0 0 0 1 1 0 0 0 0 0 0 0 0 0 0
1 0 0 0 0 0 1 1 1 0 1 0 0 0 0 1 1 1 1 0 0 0 0 0 0 0 0 0 0 0
1 1 1 0 0 0 1 1 1 1 1 1 0 0 0 1 0 0 1 0 0 0 0 0 0 0 0 0 0 0
1 0 1 1 1 1 1 0 0 0 1 1 1 1 0 1 1 0 1 1 0 0 0 0 0 0 0 0 0 0
P 1 0 0 0 1 1 0 1 0 1 0 0 1 1 1 0 1 1 0 0 0 0 0 0 0 0 0 0 0
1 0 0 0 0 0 0 1 0 1 1 1 0 1 1 0 0 1 1 0 0 0 0 0 0 0 0 0 0 0
1 0 0 0 0 0 0 0 1 0 1 1 1 0 0 0 0 0 0 0 0 0 0 0 0 0 0 0 0 0
0 0 0 0 0 0 1 0 0 0 0 0 0 0 0 0 0 0 0 0 0 0 0 0 0 0 0 0 0 0